41
720 117
714 187
778 118
773 193
837 126
823 195
893 135
871 208
942 148
911 218
986 169
939 239
1032 229
947 262
1032 302
941 285
999 355
922 307
969 380
900 327
943 400
865 367
938 429
852 403
960 449
861 467
971 510
873 486
920 569
858 500
851 580
833 500
800 583
792 504
748 585
746 500
695 585
690 499
636 582
637 500
573 579
575 500
513 577
523 499
456 575
466 494
398 571
415 491
335 557
359 483
281 546
292 454
240 525
270 429
196 476
272 432
182 428
254 400
172 385
252 377
169 348
247 346
176 288
249 307
216 226
276 275
264 190
316 251
321 167
357 228
380 147
399 217
428 137
448 204
484 130
492 196
534 127
544 189
589 121
592 188
636 119
641 185
