74
582 184
582 184
666 173
731 175
819 183
884 198
926 215
954 240
954 240
960 266
953 288
941 301
941 301
921 322
895 344
895 344
879 364
868 389
868 389
860 418
860 418
865 446
865 446
881 470
881 470
881 470
892 477
894 490
889 501
868 505
868 505
868 505
844 508
844 508
810 511
767 511
766 511
723 511
714 514
714 514
653 512
653 512
566 512
566 512
566 512
486 511
486 511
439 507
384 500
376 500
376 500
317 480
317 480
317 480
291 464
291 464
265 435
265 435
245 392
245 392
243 357
240 317
244 298
244 298
273 265
273 265
273 265
319 238
319 238
362 217
426 200
499 189
563 179
563 179
42
443 153
573 138
705 135
832 144
960 167
1002 193
1023 231
1035 267
1022 320
1011 343
986 358
955 378
939 393
930 411
927 433
939 443
949 450
955 457
962 471
966 483
959 516
942 548
907 564
906 565
849 573
800 578
730 577
642 578
573 575
485 570
401 563
333 553
275 535
233 506
209 471
183 402
179 342
190 285
215 251
235 229
263 208
321 182
